100700001
100700002
100700003
100700004
100700005
100700006
100700007
100700008
100700009
100700010
100700011
100700012
100700013
100700014
100700015
100700016
100700017
100700018
100700019
100700020
100700021
100700022
100700023
100700024
100700025
100700026
100700027
100700028
100700029
100700030
100700031
100700032
100700033
100700034
100700035
100700036
100700037
100700038
100700039
100700040
100700041
100700042
100700043
100700044
100700045
100700046
100700047
100700048
100700049
100700050
100700051
100700052
100700053
100700054
100700055
100700056
100700057
100700058
100700059
100700060
100700061
100700062
100700063
100700064
100700065
100700066
100700067
100700068
100700069
100700070
100700071
100700072
100700073
100700074
100700075
100700076
100700077
100700078
100700079
100700080
100700081
100700082
100700083
100700084
100700085
100700086
100700087
100700088
100700089
100700090
100700091
100700092
100700093
100700094
100700095
100700096
100700097
100700098
100700099
100700100
100700101
100700102
100700103
100700104
100700105
100700106
100700107
100700108
100700109
100700110
100700111
100700112
100700113
100700114
100700115
100700116
100700117
100700118
100700119
100700120
100700121
100700122
100700123
100700124
100700125
100700126
100700127
100700128
100700129
100700130
100700131
100700132
100700133
100700134
100700135
100700136
100700137
100700138
100700139
100700140
100700141
100700142
100700143
100700144
100700145
100700146
100700147
100700148
100700149
100700150
100700151
100700152
100700153
100700154
100700155
100700156
100700157
100700158
100700159
100700160
100700161
100700162
100700163
100700164
100700165
100700166
100700167
100700168
100700169
100700170
100700171
100700172
100700173
100700174
100700175
100700176
100700177
100700178
100700179
100700180
100700181
100700182
100700183
100700184
100700185
100700186
100700187
100700188
100700189
100700190
100700191
100700192
100700193
100700194
100700195
100700196
100700197
100700198
100700199
100700200
100700201
100700202
100700203
100700204
100700205
100700206
100700207
100700208
100700209
100700210
100700211
100700212
100700213
100700214
100700215
100700216
100700217
100700218
100700219
100700220
100700221
100700222
100700223
100700224
100700225
100700226
100700227
100700228
100700229
100700230
100700231
100700232
100700233
100700234
100700235
100700236
100700237
100700238
100700239
100700240
100700241
100700242
100700243
100700244
100700245
100700246
100700247
100700248
100700249
100700250
100700251
100700252
100700253
100700254
100700255
100700256
100700257
100700258
100700259
100700260
100700261
100700262
100700263
100700264
100700265
100700266
100700267
100700268
100700269
100700270
100700271
100700272
100700273
100700274
100700275
100700276
100700277
100700278
100700279
100700280
100700281
100700282
100700283
100700284
100700285
100700286
100700287
100700288
100700289
100700290
100700291
100700292
100700293
100700294
100700295
100700296
100700297
100700298
100700299
100700300
100700301
100700302
100700303
100700304
100700305
100700306
100700307
100700308
100700309
100700310
100700311
100700312
100700313
100700314
100700315
100700316
100700317
100700318
100700319
100700320
100700321
100700322
100700323
100700324
100700325
100700326
100700327
100700328
100700329
100700330
100700331
100700332
100700333
100700334
100700335
100700336
100700337
100700338
100700339
100700340
100700341
100700342
100700343
100700344
100700345
100700346
100700347
100700348
100700349
100700350
100700351
100700352
100700353
100700354
100700355
100700356
100700357
100700358
100700359
100700360
100700361
100700362
100700363
100700364
100700365
100700366
100700367
100700368
100700369
100700370
100700371
100700372
100700373
100700374
100700375
100700376
100700377
100700378
100700379
100700380
100700381
100700382
100700383
100700384
100700385
100700386
100700387
100700388
100700389
100700390
100700391
100700392
100700393
100700394
100700395
100700396
100700397
100700398
100700399
100700400
100700401
100700402
100700403
100700404
100700405
100700406
100700407
100700408
100700409
100700410
100700411
100700412
100700413
100700414
100700415
100700416
100700417
100700418
100700419
100700420
100700421
100700422
100700423
100700424
100700425
100700426
100700427
100700428
100700429
100700430
100700431
100700432
100700433
100700434
100700435
100700436
100700437
100700438
100700439
100700440
100700441
100700442
100700443
100700444
100700445
100700446
100700447
100700448
100700449
100700450
100700451
100700452
100700453
100700454
100700455
100700456
100700457
100700458
100700459
100700460
100700461
100700462
100700463
100700464
100700465
100700466
100700467
100700468
100700469
100700470
100700471
100700472
100700473
100700474
100700475
100700476
100700477
100700478
100700479
100700480
100700481
100700482
100700483
100700484
100700485
100700486
100700487
100700488
100700489
100700490
100700491
100700492
100700493
100700494
100700495
100700496
100700497
100700498
100700499
100700500
100700501
100700502
100700503
100700504
100700505
100700506
100700507
100700508
100700509
100700510
100700511
100700512
100700513
100700514
100700515
100700516
100700517
100700518
100700519
100700520
100700521
100700522
100700523
100700524
100700525
100700526
100700527
100700528
100700529
100700530
100700531
100700532
100700533
100700534
100700535
100700536
100700537
100700538
100700539
100700540
100700541
100700542
100700543
100700544
100700545
100700546
100700547
100700548
100700549
100700550
100700551
100700552
100700553
100700554
100700555
100700556
100700557
100700558
100700559
100700560
100700561
100700562
100700563
100700564
100700565
100700566
100700567
100700568
100700569
100700570
100700571
100700572
100700573
100700574
100700575
100700576
100700577
100700578
100700579
100700580
100700581
100700582
100700583
100700584
100700585
100700586
100700587
100700588
100700589
100700590
100700591
100700592
100700593
100700594
100700595
100700596
100700597
100700598
100700599
100700600
100700601
100700602
100700603
100700604
100700605
100700606
100700607
100700608
100700609
100700610
100700611
100700612
100700613
100700614
100700615
100700616
100700617
100700618
100700619
100700620
100700621
100700622
100700623
100700624
100700625
100700626
100700627
100700628
100700629
100700630
100700631
100700632
100700633
100700634
100700635
100700636
100700637
100700638
100700639
100700640
100700641
100700642
100700643
100700644
100700645
100700646
100700647
100700648
100700649
100700650
100700651
100700652
100700653
100700654
100700655
100700656
100700657
100700658
100700659
100700660
100700661
100700662
100700663
100700664
100700665
100700666
100700667
100700668
100700669
100700670
100700671
100700672
100700673
100700674
100700675
100700676
100700677
100700678
100700679
100700680
100700681
100700682
100700683
100700684
100700685
100700686
100700687
100700688
100700689
100700690
100700691
100700692
100700693
100700694
100700695
100700696
100700697
100700698
100700699
100700700
100700701
100700702
100700703
100700704
100700705
100700706
100700707
100700708
100700709
100700710
100700711
100700712
100700713
100700714
100700715
100700716
100700717
100700718
100700719
100700720
100700721
100700722
100700723
100700724
100700725
100700726
100700727
100700728
100700729
100700730
100700731
100700732
100700733
100700734
100700735
100700736
100700737
100700738
100700739
100700740
100700741
100700742
100700743
100700744
100700745
100700746
100700747
100700748
100700749
100700750
100700751
100700752
100700753
100700754
100700755
100700756
100700757
100700758
100700759
100700760
100700761
100700762
100700763
100700764
100700765
100700766
100700767
100700768
100700769
100700770
100700771
100700772
100700773
100700774
100700775
100700776
100700777
100700778
100700779
100700780
100700781
100700782
100700783
100700784
100700785
100700786
100700787
100700788
100700789
100700790
100700791
100700792
100700793
100700794
100700795
100700796
100700797
100700798
100700799
100700800
100700801
100700802
100700803
100700804
100700805
100700806
100700807
100700808
100700809
100700810
100700811
100700812
100700813
100700814
100700815
100700816
100700817
100700818
100700819
100700820
100700821
100700822
100700823
100700824
100700825
100700826
100700827
100700828
100700829
100700830
100700831
100700832
100700833
100700834
100700835
100700836
100700837
100700838
100700839
100700840
100700841
100700842
100700843
100700844
100700845
100700846
100700847
100700848
100700849
100700850
100700851
100700852
100700853
100700854
100700855
100700856
100700857
100700858
100700859
100700860
100700861
100700862
100700863
100700864
100700865
100700866
100700867
100700868
100700869
100700870
100700871
100700872
100700873
100700874
100700875
100700876
100700877
100700878
100700879
100700880
100700881
100700882
100700883
100700884
100700885
100700886
100700887
100700888
100700889
100700890
100700891
100700892
100700893
100700894
100700895
100700896
100700897
100700898
100700899
100700900
100700901
100700902
100700903
100700904
100700905
100700906
100700907
100700908
100700909
100700910
100700911
100700912
100700913
100700914
100700915
100700916
100700917
100700918
100700919
100700920
100700921
100700922
100700923
100700924
100700925
100700926
100700927
100700928
100700929
100700930
100700931
100700932
100700933
100700934
100700935
100700936
100700937
100700938
100700939
100700940
100700941
100700942
100700943
100700944
100700945
100700946
100700947
100700948
100700949
100700950
100700951
100700952
100700953
100700954
100700955
100700956
100700957
100700958
100700959
100700960
100700961
100700962
100700963
100700964
100700965
100700966
100700967
100700968
100700969
100700970
100700971
100700972
100700973
100700974
100700975
100700976
100700977
100700978
100700979
100700980
100700981
100700982
100700983
100700984
100700985
100700986
100700987
100700988
100700989
100700990
100700991
100700992
100700993
100700994
100700995
100700996
100700997
100700998
100700999
100701000
100701001
100701002
100701003
100701004
100701005
100701006
100701007
100701008
100701009
100701010
100701011
100701012
100701013
100701014
100701015
100701016
100701017
100701018
100701019
100701020
100701021
100701022
100701023
100701024
100701025
100701026
100701027
100701028
100701029
100701030
100701031
100701032
100701033
100701034
100701035
100701036
100701037
100701038
100701039
100701040
100701041
100701042
100701043
100701044
100701045
100701046
100701047
100701048
100701049
100701050
100701051
100701052
100701053
100701054
100701055
100701056
100701057
100701058
100701059
100701060
100701061
100701062
100701063
100701064
100701065
100701066
100701067
100701068
100701069
100701070
100701071
100701072
100701073
100701074
100701075
100701076
100701077
100701078
100701079
100701080
100701081
100701082
100701083
100701084
100701085
100701086
100701087
100701088
100701089
100701090
100701091
100701092
100701093
100701094
100701095
100701096
100701097
100701098
100701099
100701100
100701101
100701102
100701103
100701104
100701105
100701106
100701107
100701108
100701109
100701110
100701111
100701112
100701113
100701114
100701115
100701116
100701117
100701118
100701119
100701120
100701121
100701122
100701123
100701124
100701125
100701126
100701127
100701128
100701129
100701130
100701131
100701132
100701133
100701134
100701135
100701136
100701137
100701138
100701139
100701140
100701141
100701142
100701143
100701144
100701145
100701146
100701147
100701148
100701149
100701150
100701151
100701152
100701153
100701154
100701155
100701156
100701157
100701158
100701159
100701160
100701161
100701162
100701163
100701164
100701165
100701166
100701167
100701168
100701169
100701170
100701171
100701172
100701173
100701174
100701175
100701176
100701177
100701178
100701179
100701180
100701181
100701182
100701183
100701184
100701185
100701186
100701187
100701188
100701189
100701190
100701191
100701192
100701193
100701194
100701195
100701196
100701197
100701198
100701199
100701200
100701201
100701202
100701203
100701204
100701205
100701206
100701207
100701208
100701209
100701210
100701211
100701212
100701213
100701214
100701215
100701216
100701217
100701218
100701219
100701220
100701221
100701222
100701223
100701224
100701225
100701226
100701227
100701228
100701229
100701230
100701231
100701232
100701233
100701234
100701235
100701236
100701237
100701238
100701239
100701240
100701241
100701242
100701243
100701244
100701245
100701246
100701247
100701248
100701249
100701250
100701251
100701252
100701253
100701254
100701255
100701256
100701257
100701258
100701259
100701260
100701261
100701262
100701263
100701264
100701265
100701266
100701267
100701268
100701269
100701270
100701271
100701272
100701273
100701274
100701275
100701276
100701277
100701278
100701279
100701280
100701281
100701282
100701283
100701284
100701285
100701286
100701287
100701288
100701289
100701290
100701291
100701292
100701293
100701294
100701295
100701296
100701297
100701298
100701299
100701300
100701301
100701302
100701303
100701304
100701305
100701306
100701307
100701308
100701309
100701310
100701311
100701312
100701313
100701314
100701315
100701316
100701317
100701318
100701319
100701320
100701321
100701322
100701323
100701324
100701325
100701326
100701327
100701328
100701329
100701330
100701331
100701332
100701333
100701334
100701335
100701336
100701337
100701338
100701339
100701340
100701341
100701342
100701343
100701344
100701345
100701346
100701347
100701348
100701349
100701350
100701351
100701352
100701353
100701354
100701355
100701356
100701357
100701358
100701359
100701360
100701361
100701362
100701363
100701364
100701365
100701366
100701367
100701368
100701369
100701370
100701371
100701372
100701373
100701374
100701375
100701376
100701377
100701378
100701379
100701380
100701381
100701382
100701383
100701384
100701385
100701386
100701387
100701388
100701389
100701390
100701391
100701392
100701393
100701394
100701395
100701396
100701397
100701398
100701399
100701400
100701401
100701402
100701403
100701404
100701405
100701406
100701407
100701408
100701409
100701410
100701411
100701412
100701413
100701414
100701415
100701416
100701417
100701418
100701419
100701420
100701421
100701422
100701423
100701424
100701425
100701426
100701427
100701428
100701429
100701430
100701431
100701432
100701433
100701434
100701435
100701436
100701437
100701438
100701439
100701440
100701441
100701442
100701443
100701444
100701445
100701446
100701447
100701448
100701449
100701450
100701451
100701452
100701453
100701454
100701455
100701456
100701457
100701458
100701459
100701460
100701461
100701462
100701463
100701464
100701465
100701466
100701467
100701468
100701469
100701470
100701471
100701472
100701473
100701474
100701475
100701476
100701477
100701478
100701479
100701480
100701481
100701482
100701483
100701484
100701485
100701486
100701487
100701488
100701489
100701490
100701491
100701492
100701493
100701494
100701495
100701496
100701497
100701498
100701499
100701500
100701501
100701502
100701503
100701504
100701505
100701506
100701507
100701508
100701509
100701510
100701511
100701512
100701513
100701514
100701515
100701516
100701517
100701518
100701519
100701520
100701521
100701522
100701523
100701524
100701525
100701526
100701527
100701528
100701529
100701530
100701531
100701532
100701533
100701534
100701535
100701536
100701537
100701538
100701539
100701540
100701541
100701542
100701543
100701544
100701545
100701546
100701547
100701548
100701549
100701550
100701551
100701552
100701553
100701554
100701555
100701556
100701557
100701558
100701559
100701560
100701561
100701562
100701563
100701564
100701565
100701566
100701567
100701568
100701569
100701570
100701571
100701572
100701573
100701574
100701575
100701576
100701577
100701578
100701579
100701580
100701581
100701582
100701583
100701584
100701585
100701586
100701587
100701588
100701589
100701590
100701591
100701592
100701593
100701594
100701595
100701596
100701597
100701598
100701599
100701600
100701601
100701602
100701603
100701604
100701605
100701606
100701607
100701608
100701609
100701610
100701611
100701612
100701613
100701614
100701615
100701616
100701617
100701618
100701619
100701620
100701621
100701622
100701623
100701624
100701625
100701626
100701627
100701628
100701629
100701630
100701631
100701632
100701633
100701634
100701635
100701636
100701637
100701638
100701639
100701640
100701641
100701642
100701643
100701644
100701645
100701646
100701647
100701648
100701649
100701650
100701651
100701652
100701653
100701654
100701655
100701656
100701657
100701658
100701659
100701660
100701661
100701662
100701663
100701664
100701665
100701666
100701667
100701668
100701669
100701670
100701671
100701672
100701673
100701674
100701675
100701676
100701677
100701678
100701679
100701680
100701681
100701682
100701683
100701684
100701685
100701686
100701687
100701688
100701689
100701690
100701691
100701692
100701693
100701694
100701695
100701696
100701697
100701698
100701699
100701700
100701701
100701702
100701703
100701704
100701705
100701706
100701707
100701708
100701709
100701710
100701711
100701712
100701713
100701714
100701715
100701716
100701717
100701718
100701719
100701720
100701721
100701722
100701723
100701724
100701725
100701726
100701727
100701728
100701729
100701730
100701731
100701732
100701733
100701734
100701735
100701736
100701737
100701738
100701739
100701740
100701741
100701742
100701743
100701744
100701745
100701746
100701747
100701748
100701749
100701750
100701751
100701752
100701753
100701754
100701755
100701756
100701757
100701758
100701759
100701760
100701761
100701762
100701763
100701764
100701765
100701766
100701767
100701768
100701769
100701770
100701771
100701772
100701773
100701774
100701775
100701776
100701777
100701778
100701779
100701780
100701781
100701782
100701783
100701784
100701785
100701786
100701787
100701788
100701789
100701790
100701791
100701792
100701793
100701794
100701795
100701796
100701797
100701798
100701799
100701800
100701801
100701802
100701803
100701804
100701805
100701806
100701807
100701808
100701809
100701810
100701811
100701812
100701813
100701814
100701815
100701816
100701817
100701818
100701819
100701820
100701821
100701822
100701823
100701824
100701825
100701826
100701827
100701828
100701829
100701830
100701831
100701832
100701833
100701834
100701835
100701836
100701837
100701838
100701839
100701840
100701841
100701842
100701843
100701844
100701845
100701846
100701847
100701848
100701849
100701850
100701851
100701852
100701853
100701854
100701855
100701856
100701857
100701858
100701859
100701860
100701861
100701862
100701863
100701864
100701865
100701866
100701867
100701868
100701869
100701870
100701871
100701872
100701873
100701874
100701875
100701876
100701877
100701878
100701879
100701880
100701881
100701882
100701883
100701884
100701885
100701886
100701887
100701888
100701889
100701890
100701891
100701892
100701893
100701894
100701895
100701896
100701897
100701898
100701899
100701900
100701901
100701902
100701903
100701904
100701905
100701906
100701907
100701908
100701909
100701910
100701911
100701912
100701913
100701914
100701915
100701916
100701917
100701918
100701919
100701920
100701921
100701922
100701923
100701924
100701925
100701926
100701927
100701928
100701929
100701930
100701931
100701932
100701933
100701934
100701935
100701936
100701937
100701938
100701939
100701940
100701941
100701942
100701943
100701944
100701945
100701946
100701947
100701948
100701949
100701950
100701951
100701952
100701953
100701954
100701955
100701956
100701957
100701958
100701959
100701960
100701961
100701962
100701963
100701964
100701965
100701966
100701967
100701968
100701969
100701970
100701971
100701972
100701973
100701974
100701975
100701976
100701977
100701978
100701979
100701980
100701981
100701982
100701983
100701984
100701985
100701986
100701987
100701988
100701989
100701990
100701991
100701992
100701993
100701994
100701995
100701996
100701997
100701998
100701999
100702000
